0 0
1 1
2 3
3 6
4 10
5 15
6 21
7 28
8 36
9 45
10 55
11 66
12 78
13 91
14 105
15 120
16 136
17 153
18 171
19 190
20 210
21 231
22 253
23 276
24 300
25 325
26 351
27 378
28 406
29 435
30 465
31 496
32 528
33 561
34 595
35 630
36 666
37 703
38 741
39 780
40 820
41 861
42 903
43 946
44 990
45 1035
46 1081
47 1128
48 1176
49 1225
50 1275
51 1326
52 1378
53 1431
54 1485
55 1540
56 1596
57 1653
58 1711
59 1770
60 1830
61 1891
62 1953
63 2016
64 2080
65 2145
66 2211
67 2278
68 2346
69 2415
70 2485
71 2556
72 2628
73 2701
74 2775
75 2850
76 2926
77 3003
78 3081
79 3160
80 3240
81 3321
82 3403
83 3486
84 3570
85 3655
86 3741
87 3828
88 3916
89 4005
90 4095
91 4186
92 4278
93 4371
94 4465
95 4560
96 4656
97 4753
98 4851
99 4950
100 5050
101 5151
102 5253
103 5356
104 5460
105 5565
106 5671
107 5778
108 5886
109 5995
110 6105
111 6216
112 6328
113 6441
114 6555
115 6670
116 6786
117 6903
118 7021
119 7140
120 7260
121 7381
122 7503
123 7626
124 7750
125 7875
126 8001
127 8128
128 8256
129 8385
130 8515
131 8646
132 8778
133 8911
134 9045
135 9180
136 9316
137 9453
138 9591
139 9730
140 9870
141 10011
142 10153
143 10296
144 10440
145 10585
146 10731
147 10878
148 11026
149 11175
150 11325
151 11476
152 11628
153 11781
154 11935
155 12090
156 12246
157 12403
158 12561
159 12720
160 12880
161 13041
162 13203
163 13366
164 13530
165 13695
166 13861
167 14028
168 14196
169 14365
170 14535
171 14706
172 14878
173 15051
174 15225
175 15400
176 15576
177 15753
178 15931
179 16110
180 16290
181 16471
182 16653
183 16836
184 17020
185 17205
186 17391
187 17578
188 17766
189 17955
190 18145
191 18336
192 18528
193 18721
194 18915
195 19110
196 19306
197 19503
198 19701
199 19900
200 20100
201 20301
202 20503
203 20706
204 20910
205 21115
206 21321
207 21528
208 21736
209 21945
210 22155
211 22366
212 22578
213 22791
214 23005
215 23220
216 23436
217 23653
218 23871
219 24090
220 24310
221 24531
222 24753
223 24976
224 25200
225 25425
226 25651
227 25878
228 26106
229 26335
230 26565
231 26796
232 27028
233 27261
234 27495
235 27730
236 27966
237 28203
238 28441
239 28680
240 28920
241 29161
242 29403
243 29646
244 29890
245 30135
246 30381
247 30628
248 30876
249 31125
250 31375
251 31626
252 31878
253 32131
254 32385
255 32640
256 32896
257 33153
258 33411
259 33670
260 33930
261 34191
262 34453
263 34716
264 34980
265 35245
266 35511
267 35778
268 36046
269 36315
270 36585
271 36856
272 37128
273 37401
274 37675
275 37950
276 38226
277 38503
278 38781
279 39060
280 39340
281 39621
282 39903
283 40186
284 40470
285 40755
286 41041
287 41328
288 41616
289 41905
290 42195
291 42486
292 42778
293 43071
294 43365
295 43660
296 43956
297 44253
298 44551
299 44850
300 45150
301 45451
302 45753
303 46056
304 46360
305 46665
306 46971
307 47278
308 47586
309 47895
310 48205
311 48516
312 48828
313 49141
314 49455
315 49770
316 50086
317 50403
318 50721
319 51040
320 51360
321 51681
322 52003
323 52326
324 52650
325 52975
326 53301
327 53628
328 53956
329 54285
330 54615
331 54946
332 55278
333 55611
334 55945
335 56280
336 56616
337 56953
338 57291
339 57630
340 57970
341 58311
342 58653
343 58996
344 59340
345 59685
346 60031
347 60378
348 60726
349 61075
350 61425
351 61776
352 62128
353 62481
354 62835
355 63190
356 63546
357 63903
358 64261
359 64620
360 64980
361 65341
362 65703
363 66066
364 66430
365 66795
366 67161
367 67528
368 67896
369 68265
370 68635
371 69006
372 69378
373 69751
374 70125
375 70500
376 70876
377 71253
378 71631
379 72010
380 72390
381 72771
382 73153
383 73536
384 73920
385 74305
386 74691
387 75078
388 75466
389 75855
390 76245
391 76636
392 77028
393 77421
394 77815
395 78210
396 78606
397 79003
398 79401
399 79800
400 80200
401 80601
402 81003
403 81406
404 81810
405 82215
406 82621
407 83028
408 83436
409 83845
410 84255
411 84666
412 85078
413 85491
414 85905
415 86320
416 86736
417 87153
418 87571
419 87990
420 88410
421 88831
422 89253
423 89676
424 90100
425 90525
426 90951
427 91378
428 91806
429 92235
430 92665
431 93096
432 93528
433 93961
434 94395
435 94830
436 95266
437 95703
438 96141
439 96580
440 97020
441 97461
442 97903
443 98346
444 98790
445 99235
446 99681
447 100128
448 100576
449 101025
450 101475
451 101926
452 102378
453 102831
454 103285
455 103740
456 104196
457 104653
458 105111
459 105570
460 106030
461 106491
462 106953
463 107416
464 107880
465 108345
466 108811
467 109278
468 109746
469 110215
470 110685
471 111156
472 111628
473 112101
474 112575
475 113050
476 113526
477 114003
478 114481
479 114960
480 115440
481 115921
482 116403
483 116886
484 117370
485 117855
486 118341
487 118828
488 119316
489 119805
490 120295
491 120786
492 121278
493 121771
494 122265
495 122760
496 123256
497 123753
498 124251
499 124750
500 125250
501 125751
502 126253
503 126756
504 127260
505 127765
506 128271
507 128778
508 129286
509 129795
510 130305
511 130816
512 131328
513 131841
514 132355
515 132870
516 133386
517 133903
518 134421
519 134940
520 135460
521 135981
522 136503
523 137026
524 137550
525 138075
526 138601
527 139128
528 139656
529 140185
530 140715
531 141246
532 141778
533 142311
534 142845
535 143380
536 143916
537 144453
538 144991
539 145530
540 146070
541 146611
542 147153
543 147696
544 148240
545 148785
546 149331
547 149878
548 150426
549 150975
550 151525
551 152076
552 152628
553 153181
554 153735
555 154290
556 154846
557 155403
558 155961
559 156520
560 157080
561 157641
562 158203
563 158766
564 159330
565 159895
566 160461
567 161028
568 161596
569 162165
570 162735
571 163306
572 163878
573 164451
574 165025
575 165600
576 166176
577 166753
578 167331
579 167910
580 168490
581 169071
582 169653
583 170236
584 170820
585 171405
586 171991
587 172578
588 173166
589 173755
590 174345
591 174936
592 175528
593 176121
594 176715
595 177310
596 177906
597 178503
598 179101
599 179700
600 180300
601 180901
602 181503
603 182106
604 182710
605 183315
606 183921
607 184528
608 185136
609 185745
610 186355
611 186966
612 187578
613 188191
614 188805
615 189420
616 190036
617 190653
618 191271
619 191890
620 192510
621 193131
622 193753
623 194376
624 195000
625 195625
626 196251
627 196878
628 197506
629 198135
630 198765
631 199396
632 200028
633 200661
634 201295
635 201930
636 202566
637 203203
638 203841
639 204480
640 205120
641 205761
642 206403
643 207046
644 207690
645 208335
646 208981
647 209628
648 210276
649 210925
650 211575
651 212226
652 212878
653 213531
654 214185
655 214840
656 215496
657 216153
658 216811
659 217470
660 218130
661 218791
662 219453
663 220116
664 220780
665 221445
666 222111
667 222778
668 223446
669 224115
670 224785
671 225456
672 226128
673 226801
674 227475
675 228150
676 228826
677 229503
678 230181
679 230860
680 231540
681 232221
682 232903
683 233586
684 234270
685 234955
686 235641
687 236328
688 237016
689 237705
690 238395
691 239086
692 239778
693 240471
694 241165
695 241860
696 242556
697 243253
698 243951
699 244650
700 245350
701 246051
702 246753
703 247456
704 248160
705 248865
706 249571
707 250278
708 250986
709 251695
710 252405
711 253116
712 253828
713 254541
714 255255
715 255970
716 256686
717 257403
718 258121
719 258840
720 259560
721 260281
722 261003
723 261726
724 262450
725 263175
726 263901
727 264628
728 265356
729 266085
730 266815
731 267546
732 268278
733 269011
734 269745
735 270480
736 271216
737 271953
738 272691
739 273430
740 274170
741 274911
742 275653
743 276396
744 277140
745 277885
746 278631
747 279378
748 280126
749 280875
750 281625
751 282376
752 283128
753 283881
754 284635
755 285390
756 286146
757 286903
758 287661
759 288420
760 289180
761 289941
762 290703
763 291466
764 292230
765 292995
766 293761
767 294528
768 295296
769 296065
770 296835
771 297606
772 298378
773 299151
774 299925
775 300700
776 301476
777 302253
778 303031
779 303810
780 304590
781 305371
782 306153
783 306936
784 307720
785 308505
786 309291
787 310078
788 310866
789 311655
790 312445
791 313236
792 314028
793 314821
794 315615
795 316410
796 317206
797 318003
798 318801
799 319600
800 320400
801 321201
802 322003
803 322806
804 323610
805 324415
806 325221
807 326028
808 326836
809 327645
810 328455
811 329266
812 330078
813 330891
814 331705
815 332520
816 333336
817 334153
818 334971
819 335790
820 336610
821 337431
822 338253
823 339076
824 339900
825 340725
826 341551
827 342378
828 343206
829 344035
830 344865
831 345696
832 346528
833 347361
834 348195
835 349030
836 349866
837 350703
838 351541
839 352380
840 353220
841 354061
842 354903
843 355746
844 356590
845 357435
846 358281
847 359128
848 359976
849 360825
850 361675
851 362526
852 363378
853 364231
854 365085
855 365940
856 366796
857 367653
858 368511
859 369370
860 370230
861 371091
862 371953
863 372816
864 373680
865 374545
866 375411
867 376278
868 377146
869 378015
870 378885
871 379756
872 380628
873 381501
874 382375
875 383250
876 384126
877 385003
878 385881
879 386760
880 387640
881 388521
882 389403
883 390286
884 391170
885 392055
886 392941
887 393828
888 394716
889 395605
890 396495
891 397386
892 398278
893 399171
894 400065
895 400960
896 401856
897 402753
898 403651
899 404550
900 405450
901 406351
902 407253
903 408156
904 409060
905 409965
906 410871
907 411778
908 412686
909 413595
910 414505
911 415416
912 416328
913 417241
914 418155
915 419070
916 419986
917 420903
918 421821
919 422740
920 423660
921 424581
922 425503
923 426426
924 427350
925 428275
926 429201
927 430128
928 431056
929 431985
930 432915
931 433846
932 434778
933 435711
934 436645
935 437580
936 438516
937 439453
938 440391
939 441330
940 442270
941 443211
942 444153
943 445096
944 446040
945 446985
946 447931
947 448878
948 449826
949 450775
950 451725
951 452676
952 453628
953 454581
954 455535
955 456490
956 457446
957 458403
958 459361
959 460320
960 461280
961 462241
962 463203
963 464166
964 465130
965 466095
966 467061
967 468028
968 468996
969 469965
970 470935
971 471906
972 472878
973 473851
974 474825
975 475800
976 476776
977 477753
978 478731
979 479710
980 480690
981 481671
982 482653
983 483636
984 484620
985 485605
986 486591
987 487578
988 488566
989 489555
990 490545
991 491536
992 492528
993 493521
994 494515
995 495510
996 496506
997 497503
998 498501
999 499500
1000 500500
1001 501501
1002 502503
1003 503506
1004 504510
1005 505515
1006 506521
1007 507528
1008 508536
1009 509545
1010 510555
1011 511566
1012 512578
1013 513591
1014 514605
1015 515620
1016 516636
1017 517653
1018 518671
1019 519690
1020 520710
1021 521731
1022 522753
1023 523776
1024 524800
1025 525825
1026 526851
1027 527878
1028 528906
1029 529935
1030 530965
1031 531996
1032 533028
1033 534061
1034 535095
1035 536130
1036 537166
1037 538203
1038 539241
1039 540280
1040 541320
1041 542361
1042 543403
1043 544446
1044 545490
1045 546535
1046 547581
1047 548628
1048 549676
1049 550725
1050 551775
1051 552826
1052 553878
1053 554931
1054 555985
1055 557040
1056 558096
1057 559153
1058 560211
1059 561270
1060 562330
1061 563391
1062 564453
1063 565516
1064 566580
1065 567645
1066 568711
1067 569778
1068 570846
1069 571915
1070 572985
1071 574056
1072 575128
1073 576201
1074 577275
1075 578350
1076 579426
1077 580503
1078 581581
1079 582660
1080 583740
1081 584821
1082 585903
1083 586986
1084 588070
1085 589155
1086 590241
1087 591328
1088 592416
1089 593505
1090 594595
1091 595686
1092 596778
1093 597871
1094 598965
1095 600060
1096 601156
1097 602253
1098 603351
1099 604450
1100 605550
1101 606651
1102 607753
1103 608856
1104 609960
1105 611065
1106 612171
1107 613278
1108 614386
1109 615495
1110 616605
1111 617716
1112 618828
1113 619941
1114 621055
1115 622170
1116 623286
1117 624403
1118 625521
1119 626640
1120 627760
1121 628881
1122 630003
1123 631126
1124 632250
1125 633375
1126 634501
1127 635628
1128 636756
1129 637885
1130 639015
1131 640146
1132 641278
1133 642411
1134 643545
1135 644680
1136 645816
1137 646953
1138 648091
1139 649230
1140 650370
1141 651511
1142 652653
1143 653796
1144 654940
1145 656085
1146 657231
1147 658378
1148 659526
1149 660675
1150 661825
1151 662976
1152 664128
1153 665281
1154 666435
1155 667590
1156 668746
1157 669903
1158 671061
1159 672220
1160 673380
1161 674541
1162 675703
1163 676866
1164 678030
1165 679195
1166 680361
1167 681528
1168 682696
1169 683865
1170 685035
1171 686206
1172 687378
1173 688551
1174 689725
1175 690900
1176 692076
1177 693253
1178 694431
1179 695610
1180 696790
1181 697971
1182 699153
1183 700336
1184 701520
1185 702705
1186 703891
1187 705078
1188 706266
1189 707455
1190 708645
1191 709836
1192 711028
1193 712221
1194 713415
1195 714610
1196 715806
1197 717003
1198 718201
1199 719400
1200 720600
1201 721801
1202 723003
1203 724206
1204 725410
1205 726615
1206 727821
1207 729028
1208 730236
1209 731445
1210 732655
1211 733866
1212 735078
1213 736291
1214 737505
1215 738720
1216 739936
1217 741153
1218 742371
1219 743590
1220 744810
1221 746031
1222 747253
1223 748476
1224 749700
1225 750925
1226 752151
1227 753378
1228 754606
1229 755835
1230 757065
1231 758296
1232 759528
1233 760761
1234 761995
1235 763230
1236 764466
1237 765703
1238 766941
1239 768180
1240 769420
1241 770661
1242 771903
1243 773146
1244 774390
1245 775635
1246 776881
1247 778128
1248 779376
1249 780625
1250 781875
1251 783126
1252 784378
1253 785631
1254 786885
1255 788140
1256 789396
1257 790653
1258 791911
1259 793170
1260 794430
1261 795691
1262 796953
1263 798216
1264 799480
1265 800745
1266 802011
1267 803278
1268 804546
1269 805815
1270 807085
1271 808356
1272 809628
1273 810901
1274 812175
1275 813450
1276 814726
1277 816003
1278 817281
1279 818560
1280 819840
1281 821121
1282 822403
1283 823686
1284 824970
1285 826255
1286 827541
1287 828828
1288 830116
1289 831405
1290 832695
1291 833986
1292 835278
1293 836571
1294 837865
1295 839160
1296 840456
1297 841753
1298 843051
1299 844350
1300 845650
1301 846951
1302 848253
1303 849556
1304 850860
1305 852165
1306 853471
1307 854778
1308 856086
1309 857395
1310 858705
1311 860016
1312 861328
1313 862641
1314 863955
1315 865270
1316 866586
1317 867903
1318 869221
1319 870540
1320 871860
1321 873181
1322 874503
1323 875826
1324 877150
1325 878475
1326 879801
1327 881128
1328 882456
1329 883785
1330 885115
1331 886446
1332 887778
1333 889111
1334 890445
1335 891780
1336 893116
1337 894453
1338 895791
1339 897130
1340 898470
1341 899811
1342 901153
1343 902496
1344 903840
1345 905185
1346 906531
1347 907878
1348 909226
1349 910575
1350 911925
1351 913276
1352 914628
1353 915981
1354 917335
1355 918690
1356 920046
1357 921403
1358 922761
1359 924120
1360 925480
1361 926841
1362 928203
1363 929566
1364 930930
1365 932295
1366 933661
1367 935028
1368 936396
1369 937765
1370 939135
1371 940506
1372 941878
1373 943251
1374 944625
1375 946000
1376 947376
1377 948753
1378 950131
1379 951510
1380 952890
1381 954271
1382 955653
1383 957036
1384 958420
1385 959805
1386 961191
1387 962578
1388 963966
1389 965355
1390 966745
1391 968136
1392 969528
1393 970921
1394 972315
1395 973710
1396 975106
1397 976503
1398 977901
1399 979300
1400 980700
1401 982101
1402 983503
1403 984906
1404 986310
1405 987715
1406 989121
1407 990528
1408 991936
1409 993345
1410 994755
1411 996166
1412 997578
1413 998991
1414 1000405
1415 1001820
1416 1003236
1417 1004653
1418 1006071
1419 1007490
1420 1008910
1421 1010331
1422 1011753
1423 1013176
1424 1014600
1425 1016025
1426 1017451
1427 1018878
1428 1020306
1429 1021735
1430 1023165
1431 1024596
1432 1026028
1433 1027461
1434 1028895
1435 1030330
1436 1031766
1437 1033203
1438 1034641
1439 1036080
1440 1037520
1441 1038961
1442 1040403
1443 1041846
1444 1043290
1445 1044735
1446 1046181
1447 1047628
1448 1049076
1449 1050525
1450 1051975
1451 1053426
1452 1054878
1453 1056331
1454 1057785
1455 1059240
1456 1060696
1457 1062153
1458 1063611
1459 1065070
1460 1066530
1461 1067991
1462 1069453
1463 1070916
1464 1072380
1465 1073845
1466 1075311
1467 1076778
1468 1078246
1469 1079715
1470 1081185
1471 1082656
1472 1084128
1473 1085601
1474 1087075
1475 1088550
1476 1090026
1477 1091503
1478 1092981
1479 1094460
1480 1095940
1481 1097421
1482 1098903
1483 1100386
1484 1101870
1485 1103355
1486 1104841
1487 1106328
1488 1107816
1489 1109305
1490 1110795
1491 1112286
1492 1113778
1493 1115271
1494 1116765
1495 1118260
1496 1119756
1497 1121253
1498 1122751
1499 1124250
1500 1125750
1501 1127251
1502 1128753
1503 1130256
1504 1131760
1505 1133265
1506 1134771
1507 1136278
1508 1137786
1509 1139295
1510 1140805
1511 1142316
1512 1143828
1513 1145341
1514 1146855
1515 1148370
1516 1149886
1517 1151403
1518 1152921
1519 1154440
1520 1155960
1521 1157481
1522 1159003
1523 1160526
1524 1162050
1525 1163575
1526 1165101
1527 1166628
1528 1168156
1529 1169685
1530 1171215
1531 1172746
1532 1174278
1533 1175811
1534 1177345
1535 1178880
1536 1180416
1537 1181953
1538 1183491
1539 1185030
1540 1186570
1541 1188111
1542 1189653
1543 1191196
1544 1192740
1545 1194285
1546 1195831
1547 1197378
1548 1198926
1549 1200475
1550 1202025
1551 1203576
1552 1205128
1553 1206681
1554 1208235
1555 1209790
1556 1211346
1557 1212903
1558 1214461
1559 1216020
1560 1217580
1561 1219141
1562 1220703
1563 1222266
1564 1223830
1565 1225395
1566 1226961
1567 1228528
1568 1230096
1569 1231665
1570 1233235
1571 1234806
1572 1236378
1573 1237951
1574 1239525
1575 1241100
1576 1242676
1577 1244253
1578 1245831
1579 1247410
1580 1248990
1581 1250571
1582 1252153
1583 1253736
1584 1255320
1585 1256905
1586 1258491
1587 1260078
1588 1261666
1589 1263255
1590 1264845
1591 1266436
1592 1268028
1593 1269621
1594 1271215
1595 1272810
1596 1274406
1597 1276003
1598 1277601
1599 1279200
1600 1280800
1601 1282401
1602 1284003
1603 1285606
1604 1287210
1605 1288815
1606 1290421
1607 1292028
1608 1293636
1609 1295245
1610 1296855
1611 1298466
1612 1300078
1613 1301691
1614 1303305
1615 1304920
1616 1306536
1617 1308153
1618 1309771
1619 1311390
1620 1313010
1621 1314631
1622 1316253
1623 1317876
1624 1319500
1625 1321125
1626 1322751
1627 1324378
1628 1326006
1629 1327635
1630 1329265
1631 1330896
1632 1332528
1633 1334161
1634 1335795
1635 1337430
1636 1339066
1637 1340703
1638 1342341
1639 1343980
1640 1345620
1641 1347261
1642 1348903
1643 1350546
1644 1352190
1645 1353835
1646 1355481
1647 1357128
1648 1358776
1649 1360425
1650 1362075
1651 1363726
1652 1365378
1653 1367031
1654 1368685
1655 1370340
1656 1371996
1657 1373653
1658 1375311
1659 1376970
1660 1378630
1661 1380291
1662 1381953
1663 1383616
1664 1385280
1665 1386945
1666 1388611
1667 1390278
1668 1391946
1669 1393615
1670 1395285
1671 1396956
1672 1398628
1673 1400301
1674 1401975
1675 1403650
1676 1405326
1677 1407003
1678 1408681
1679 1410360
1680 1412040
1681 1413721
1682 1415403
1683 1417086
1684 1418770
1685 1420455
1686 1422141
1687 1423828
1688 1425516
1689 1427205
1690 1428895
1691 1430586
1692 1432278
1693 1433971
1694 1435665
1695 1437360
1696 1439056
1697 1440753
1698 1442451
1699 1444150
1700 1445850
1701 1447551
1702 1449253
1703 1450956
1704 1452660
1705 1454365
1706 1456071
1707 1457778
1708 1459486
1709 1461195
1710 1462905
1711 1464616
1712 1466328
1713 1468041
1714 1469755
1715 1471470
1716 1473186
1717 1474903
1718 1476621
1719 1478340
1720 1480060
1721 1481781
1722 1483503
1723 1485226
1724 1486950
1725 1488675
1726 1490401
1727 1492128
1728 1493856
1729 1495585
1730 1497315
1731 1499046
1732 1500778
1733 1502511
1734 1504245
1735 1505980
1736 1507716
1737 1509453
1738 1511191
1739 1512930
1740 1514670
1741 1516411
1742 1518153
1743 1519896
1744 1521640
1745 1523385
1746 1525131
1747 1526878
1748 1528626
1749 1530375
1750 1532125
1751 1533876
1752 1535628
1753 1537381
1754 1539135
1755 1540890
1756 1542646
1757 1544403
1758 1546161
1759 1547920
1760 1549680
1761 1551441
1762 1553203
1763 1554966
1764 1556730
1765 1558495
1766 1560261
1767 1562028
1768 1563796
1769 1565565
1770 1567335
1771 1569106
1772 1570878
1773 1572651
1774 1574425
1775 1576200
1776 1577976
1777 1579753
1778 1581531
1779 1583310
1780 1585090
1781 1586871
1782 1588653
1783 1590436
1784 1592220
1785 1594005
1786 1595791
1787 1597578
1788 1599366
1789 1601155
1790 1602945
1791 1604736
1792 1606528
1793 1608321
1794 1610115
1795 1611910
1796 1613706
1797 1615503
1798 1617301
1799 1619100
1800 1620900
1801 1622701
1802 1624503
1803 1626306
1804 1628110
1805 1629915
1806 1631721
1807 1633528
1808 1635336
1809 1637145
1810 1638955
1811 1640766
1812 1642578
1813 1644391
1814 1646205
1815 1648020
1816 1649836
1817 1651653
1818 1653471
1819 1655290
1820 1657110
1821 1658931
1822 1660753
1823 1662576
1824 1664400
1825 1666225
1826 1668051
1827 1669878
1828 1671706
1829 1673535
1830 1675365
1831 1677196
1832 1679028
1833 1680861
1834 1682695
1835 1684530
1836 1686366
1837 1688203
1838 1690041
1839 1691880
1840 1693720
1841 1695561
1842 1697403
1843 1699246
1844 1701090
1845 1702935
1846 1704781
1847 1706628
1848 1708476
1849 1710325
1850 1712175
1851 1714026
1852 1715878
1853 1717731
1854 1719585
1855 1721440
1856 1723296
1857 1725153
1858 1727011
1859 1728870
1860 1730730
1861 1732591
1862 1734453
1863 1736316
1864 1738180
1865 1740045
1866 1741911
1867 1743778
1868 1745646
1869 1747515
1870 1749385
1871 1751256
1872 1753128
1873 1755001
1874 1756875
1875 1758750
1876 1760626
1877 1762503
1878 1764381
1879 1766260
1880 1768140
1881 1770021
1882 1771903
1883 1773786
1884 1775670
1885 1777555
1886 1779441
1887 1781328
1888 1783216
1889 1785105
1890 1786995
1891 1788886
1892 1790778
1893 1792671
1894 1794565
1895 1796460
1896 1798356
1897 1800253
1898 1802151
1899 1804050
1900 1805950
1901 1807851
1902 1809753
1903 1811656
1904 1813560
1905 1815465
1906 1817371
1907 1819278
1908 1821186
1909 1823095
1910 1825005
1911 1826916
1912 1828828
1913 1830741
1914 1832655
1915 1834570
1916 1836486
1917 1838403
1918 1840321
1919 1842240
1920 1844160
1921 1846081
1922 1848003
1923 1849926
1924 1851850
1925 1853775
1926 1855701
1927 1857628
1928 1859556
1929 1861485
1930 1863415
1931 1865346
1932 1867278
1933 1869211
1934 1871145
1935 1873080
1936 1875016
1937 1876953
1938 1878891
1939 1880830
1940 1882770
1941 1884711
1942 1886653
1943 1888596
1944 1890540
1945 1892485
1946 1894431
1947 1896378
1948 1898326
1949 1900275
1950 1902225
1951 1904176
1952 1906128
1953 1908081
1954 1910035
1955 1911990
1956 1913946
1957 1915903
1958 1917861
1959 1919820
1960 1921780
1961 1923741
1962 1925703
1963 1927666
1964 1929630
1965 1931595
1966 1933561
1967 1935528
1968 1937496
1969 1939465
1970 1941435
1971 1943406
1972 1945378
1973 1947351
1974 1949325
1975 1951300
1976 1953276
1977 1955253
1978 1957231
1979 1959210
1980 1961190
1981 1963171
1982 1965153
1983 1967136
1984 1969120
1985 1971105
1986 1973091
1987 1975078
1988 1977066
1989 1979055
1990 1981045
1991 1983036
1992 1985028
1993 1987021
1994 1989015
1995 1991010
1996 1993006
1997 1995003
1998 1997001
1999 1999000
2000 2001000
2001 2003001
2002 2005003
2003 2007006
2004 2009010
2005 2011015
2006 2013021
2007 2015028
2008 2017036
2009 2019045
2010 2021055
2011 2023066
2012 2025078
2013 2027091
2014 2029105
2015 2031120
2016 2033136
2017 2035153
2018 2037171
2019 2039190
2020 2041210
2021 2043231
2022 2045253
2023 2047276
2024 2049300
2025 2051325
2026 2053351
2027 2055378
2028 2057406
2029 2059435
2030 2061465
2031 2063496
2032 2065528
2033 2067561
2034 2069595
2035 2071630
2036 2073666
2037 2075703
2038 2077741
2039 2079780
2040 2081820
2041 2083861
2042 2085903
2043 2087946
2044 2089990
2045 2092035
2046 2094081
2047 2096128
2048 2098176
2049 2100225
2050 2102275
2051 2104326
2052 2106378
2053 2108431
2054 2110485
2055 2112540
2056 2114596
2057 2116653
2058 2118711
2059 2120770
2060 2122830
2061 2124891
2062 2126953
2063 2129016
2064 2131080
2065 2133145
2066 2135211
2067 2137278
2068 2139346
2069 2141415
2070 2143485
2071 2145556
2072 2147628
2073 2149701
2074 2151775
2075 2153850
2076 2155926
2077 2158003
2078 2160081
2079 2162160
2080 2164240
2081 2166321
2082 2168403
2083 2170486
2084 2172570
2085 2174655
2086 2176741
2087 2178828
2088 2180916
2089 2183005
2090 2185095
2091 2187186
2092 2189278
2093 2191371
2094 2193465
2095 2195560
2096 2197656
2097 2199753
2098 2201851
2099 2203950
2100 2206050
2101 2208151
2102 2210253
2103 2212356
2104 2214460
2105 2216565
2106 2218671
2107 2220778
2108 2222886
2109 2224995
2110 2227105
2111 2229216
2112 2231328
2113 2233441
2114 2235555
2115 2237670
2116 2239786
2117 2241903
2118 2244021
2119 2246140
2120 2248260
2121 2250381
2122 2252503
2123 2254626
2124 2256750
2125 2258875
2126 2261001
2127 2263128
2128 2265256
2129 2267385
2130 2269515
2131 2271646
2132 2273778
2133 2275911
2134 2278045
2135 2280180
2136 2282316
2137 2284453
2138 2286591
2139 2288730
2140 2290870
2141 2293011
2142 2295153
2143 2297296
2144 2299440
2145 2301585
2146 2303731
2147 2305878
2148 2308026
2149 2310175
2150 2312325
2151 2314476
2152 2316628
2153 2318781
2154 2320935
2155 2323090
2156 2325246
2157 2327403
2158 2329561
2159 2331720
2160 2333880
2161 2336041
2162 2338203
2163 2340366
2164 2342530
2165 2344695
2166 2346861
2167 2349028
2168 2351196
2169 2353365
2170 2355535
2171 2357706
2172 2359878
2173 2362051
2174 2364225
2175 2366400
2176 2368576
2177 2370753
2178 2372931
2179 2375110
2180 2377290
2181 2379471
2182 2381653
2183 2383836
2184 2386020
2185 2388205
2186 2390391
2187 2392578
2188 2394766
2189 2396955
2190 2399145
2191 2401336
2192 2403528
2193 2405721
2194 2407915
2195 2410110
2196 2412306
2197 2414503
2198 2416701
2199 2418900
2200 2421100
2201 2423301
2202 2425503
2203 2427706
2204 2429910
2205 2432115
2206 2434321
2207 2436528
2208 2438736
2209 2440945
2210 2443155
2211 2445366
2212 2447578
2213 2449791
2214 2452005
2215 2454220
2216 2456436
2217 2458653
2218 2460871
2219 2463090
2220 2465310
2221 2467531
2222 2469753
2223 2471976
2224 2474200
2225 2476425
2226 2478651
2227 2480878
2228 2483106
2229 2485335
2230 2487565
2231 2489796
2232 2492028
2233 2494261
2234 2496495
2235 2498730
2236 2500966
2237 2503203
2238 2505441
2239 2507680
2240 2509920
2241 2512161
2242 2514403
2243 2516646
2244 2518890
2245 2521135
2246 2523381
2247 2525628
2248 2527876
2249 2530125
2250 2532375
2251 2534626
2252 2536878
2253 2539131
2254 2541385
2255 2543640
2256 2545896
2257 2548153
2258 2550411
2259 2552670
2260 2554930
2261 2557191
2262 2559453
2263 2561716
2264 2563980
2265 2566245
2266 2568511
2267 2570778
2268 2573046
2269 2575315
2270 2577585
2271 2579856
2272 2582128
2273 2584401
2274 2586675
2275 2588950
2276 2591226
2277 2593503
2278 2595781
2279 2598060
2280 2600340
2281 2602621
2282 2604903
2283 2607186
2284 2609470
2285 2611755
2286 2614041
2287 2616328
2288 2618616
2289 2620905
2290 2623195
2291 2625486
2292 2627778
2293 2630071
2294 2632365
2295 2634660
2296 2636956
2297 2639253
2298 2641551
2299 2643850
2300 2646150
2301 2648451
2302 2650753
2303 2653056
2304 2655360
2305 2657665
2306 2659971
2307 2662278
2308 2664586
2309 2666895
2310 2669205
2311 2671516
2312 2673828
2313 2676141
2314 2678455
2315 2680770
2316 2683086
2317 2685403
2318 2687721
2319 2690040
2320 2692360
2321 2694681
2322 2697003
2323 2699326
2324 2701650
2325 2703975
2326 2706301
2327 2708628
2328 2710956
2329 2713285
2330 2715615
2331 2717946
2332 2720278
2333 2722611
2334 2724945
2335 2727280
2336 2729616
2337 2731953
2338 2734291
2339 2736630
2340 2738970
2341 2741311
2342 2743653
2343 2745996
2344 2748340
2345 2750685
2346 2753031
2347 2755378
2348 2757726
2349 2760075
2350 2762425
2351 2764776
2352 2767128
2353 2769481
2354 2771835
2355 2774190
2356 2776546
2357 2778903
2358 2781261
2359 2783620
2360 2785980
2361 2788341
2362 2790703
2363 2793066
2364 2795430
2365 2797795
2366 2800161
2367 2802528
2368 2804896
2369 2807265
2370 2809635
2371 2812006
2372 2814378
2373 2816751
2374 2819125
2375 2821500
2376 2823876
2377 2826253
2378 2828631
2379 2831010
2380 2833390
2381 2835771
2382 2838153
2383 2840536
2384 2842920
2385 2845305
2386 2847691
2387 2850078
2388 2852466
2389 2854855
2390 2857245
2391 2859636
2392 2862028
2393 2864421
2394 2866815
2395 2869210
2396 2871606
2397 2874003
2398 2876401
2399 2878800
2400 2881200
2401 2883601
2402 2886003
2403 2888406
2404 2890810
2405 2893215
2406 2895621
2407 2898028
2408 2900436
2409 2902845
2410 2905255
2411 2907666
2412 2910078
2413 2912491
2414 2914905
2415 2917320
2416 2919736
2417 2922153
2418 2924571
2419 2926990
2420 2929410
2421 2931831
2422 2934253
2423 2936676
2424 2939100
2425 2941525
2426 2943951
2427 2946378
2428 2948806
2429 2951235
2430 2953665
2431 2956096
2432 2958528
2433 2960961
2434 2963395
2435 2965830
2436 2968266
2437 2970703
2438 2973141
2439 2975580
2440 2978020
2441 2980461
2442 2982903
2443 2985346
2444 2987790
2445 2990235
2446 2992681
2447 2995128
2448 2997576
2449 3000025
2450 3002475
2451 3004926
2452 3007378
2453 3009831
2454 3012285
2455 3014740
2456 3017196
2457 3019653
2458 3022111
2459 3024570
2460 3027030
2461 3029491
2462 3031953
2463 3034416
2464 3036880
2465 3039345
2466 3041811
2467 3044278
2468 3046746
2469 3049215
2470 3051685
2471 3054156
2472 3056628
2473 3059101
2474 3061575
2475 3064050
2476 3066526
2477 3069003
2478 3071481
2479 3073960
2480 3076440
2481 3078921
2482 3081403
2483 3083886
2484 3086370
2485 3088855
2486 3091341
2487 3093828
2488 3096316
2489 3098805
2490 3101295
2491 3103786
2492 3106278
2493 3108771
2494 3111265
2495 3113760
2496 3116256
2497 3118753
2498 3121251
2499 3123750
2500 3126250
2501 3128751
2502 3131253
2503 3133756
2504 3136260
2505 3138765
2506 3141271
2507 3143778
2508 3146286
2509 3148795
2510 3151305
2511 3153816
2512 3156328
2513 3158841
2514 3161355
2515 3163870
2516 3166386
2517 3168903
2518 3171421
2519 3173940
2520 3176460
2521 3178981
2522 3181503
2523 3184026
2524 3186550
2525 3189075
2526 3191601
2527 3194128
2528 3196656
2529 3199185
2530 3201715
2531 3204246
2532 3206778
2533 3209311
2534 3211845
2535 3214380
2536 3216916
2537 3219453
2538 3221991
2539 3224530
2540 3227070
2541 3229611
2542 3232153
2543 3234696
2544 3237240
2545 3239785
2546 3242331
2547 3244878
2548 3247426
2549 3249975
2550 3252525
2551 3255076
2552 3257628
2553 3260181
2554 3262735
2555 3265290
2556 3267846
2557 3270403
2558 3272961
2559 3275520
2560 3278080
2561 3280641
2562 3283203
2563 3285766
2564 3288330
2565 3290895
2566 3293461
2567 3296028
2568 3298596
2569 3301165
2570 3303735
2571 3306306
2572 3308878
2573 3311451
2574 3314025
2575 3316600
2576 3319176
2577 3321753
2578 3324331
2579 3326910
2580 3329490
2581 3332071
2582 3334653
2583 3337236
2584 3339820
2585 3342405
2586 3344991
2587 3347578
2588 3350166
2589 3352755
2590 3355345
2591 3357936
2592 3360528
2593 3363121
2594 3365715
2595 3368310
2596 3370906
2597 3373503
2598 3376101
2599 3378700
2600 3381300
2601 3383901
2602 3386503
2603 3389106
2604 3391710
2605 3394315
2606 3396921
2607 3399528
2608 3402136
2609 3404745
2610 3407355
2611 3409966
2612 3412578
2613 3415191
2614 3417805
2615 3420420
2616 3423036
2617 3425653
2618 3428271
2619 3430890
2620 3433510
2621 3436131
2622 3438753
2623 3441376
2624 3444000
2625 3446625
2626 3449251
2627 3451878
2628 3454506
2629 3457135
2630 3459765
2631 3462396
2632 3465028
2633 3467661
2634 3470295
2635 3472930
2636 3475566
2637 3478203
2638 3480841
2639 3483480
2640 3486120
2641 3488761
2642 3491403
2643 3494046
2644 3496690
2645 3499335
2646 3501981
2647 3504628
2648 3507276
2649 3509925
2650 3512575
2651 3515226
2652 3517878
2653 3520531
2654 3523185
2655 3525840
2656 3528496
2657 3531153
2658 3533811
2659 3536470
2660 3539130
2661 3541791
2662 3544453
2663 3547116
2664 3549780
2665 3552445
2666 3555111
2667 3557778
2668 3560446
2669 3563115
2670 3565785
2671 3568456
2672 3571128
2673 3573801
2674 3576475
2675 3579150
2676 3581826
2677 3584503
2678 3587181
2679 3589860
2680 3592540
2681 3595221
2682 3597903
2683 3600586
2684 3603270
2685 3605955
2686 3608641
2687 3611328
2688 3614016
2689 3616705
2690 3619395
2691 3622086
2692 3624778
2693 3627471
2694 3630165
2695 3632860
2696 3635556
2697 3638253
2698 3640951
2699 3643650
2700 3646350
2701 3649051
2702 3651753
2703 3654456
2704 3657160
2705 3659865
2706 3662571
2707 3665278
2708 3667986
2709 3670695
2710 3673405
2711 3676116
2712 3678828
2713 3681541
2714 3684255
2715 3686970
2716 3689686
2717 3692403
2718 3695121
2719 3697840
2720 3700560
2721 3703281
2722 3706003
2723 3708726
2724 3711450
2725 3714175
2726 3716901
2727 3719628
2728 3722356
2729 3725085
2730 3727815
2731 3730546
2732 3733278
2733 3736011
2734 3738745
2735 3741480
2736 3744216
2737 3746953
2738 3749691
2739 3752430
2740 3755170
2741 3757911
2742 3760653
2743 3763396
2744 3766140
2745 3768885
2746 3771631
2747 3774378
2748 3777126
2749 3779875
2750 3782625
2751 3785376
2752 3788128
2753 3790881
2754 3793635
2755 3796390
2756 3799146
2757 3801903
2758 3804661
2759 3807420
2760 3810180
2761 3812941
2762 3815703
2763 3818466
2764 3821230
2765 3823995
2766 3826761
2767 3829528
2768 3832296
2769 3835065
2770 3837835
2771 3840606
2772 3843378
2773 3846151
2774 3848925
2775 3851700
2776 3854476
2777 3857253
2778 3860031
2779 3862810
2780 3865590
2781 3868371
2782 3871153
2783 3873936
2784 3876720
2785 3879505
2786 3882291
2787 3885078
2788 3887866
2789 3890655
2790 3893445
2791 3896236
2792 3899028
2793 3901821
2794 3904615
2795 3907410
2796 3910206
2797 3913003
2798 3915801
2799 3918600
2800 3921400
2801 3924201
2802 3927003
2803 3929806
2804 3932610
2805 3935415
2806 3938221
2807 3941028
2808 3943836
2809 3946645
2810 3949455
2811 3952266
2812 3955078
2813 3957891
2814 3960705
2815 3963520
2816 3966336
2817 3969153
2818 3971971
2819 3974790
2820 3977610
2821 3980431
2822 3983253
2823 3986076
2824 3988900
2825 3991725
2826 3994551
2827 3997378
2828 4000206
2829 4003035
2830 4005865
2831 4008696
2832 4011528
2833 4014361
2834 4017195
2835 4020030
2836 4022866
2837 4025703
2838 4028541
2839 4031380
2840 4034220
2841 4037061
2842 4039903
2843 4042746
2844 4045590
2845 4048435
2846 4051281
2847 4054128
2848 4056976
2849 4059825
2850 4062675
2851 4065526
2852 4068378
2853 4071231
2854 4074085
2855 4076940
2856 4079796
2857 4082653
2858 4085511
2859 4088370
2860 4091230
2861 4094091
2862 4096953
2863 4099816
2864 4102680
2865 4105545
2866 4108411
2867 4111278
2868 4114146
2869 4117015
2870 4119885
2871 4122756
2872 4125628
2873 4128501
2874 4131375
2875 4134250
2876 4137126
2877 4140003
2878 4142881
2879 4145760
2880 4148640
2881 4151521
2882 4154403
2883 4157286
2884 4160170
2885 4163055
2886 4165941
2887 4168828
2888 4171716
2889 4174605
2890 4177495
2891 4180386
2892 4183278
2893 4186171
2894 4189065
2895 4191960
2896 4194856
2897 4197753
2898 4200651
2899 4203550
2900 4206450
2901 4209351
2902 4212253
2903 4215156
2904 4218060
2905 4220965
2906 4223871
2907 4226778
2908 4229686
2909 4232595
2910 4235505
2911 4238416
2912 4241328
2913 4244241
2914 4247155
2915 4250070
2916 4252986
2917 4255903
2918 4258821
2919 4261740
2920 4264660
2921 4267581
2922 4270503
2923 4273426
2924 4276350
2925 4279275
2926 4282201
2927 4285128
2928 4288056
2929 4290985
2930 4293915
2931 4296846
2932 4299778
2933 4302711
2934 4305645
2935 4308580
2936 4311516
2937 4314453
2938 4317391
2939 4320330
2940 4323270
2941 4326211
2942 4329153
2943 4332096
2944 4335040
2945 4337985
2946 4340931
2947 4343878
2948 4346826
2949 4349775
2950 4352725
2951 4355676
2952 4358628
2953 4361581
2954 4364535
2955 4367490
2956 4370446
2957 4373403
2958 4376361
2959 4379320
2960 4382280
2961 4385241
2962 4388203
2963 4391166
2964 4394130
2965 4397095
2966 4400061
2967 4403028
2968 4405996
2969 4408965
2970 4411935
2971 4414906
2972 4417878
2973 4420851
2974 4423825
2975 4426800
2976 4429776
2977 4432753
2978 4435731
2979 4438710
2980 4441690
2981 4444671
2982 4447653
2983 4450636
2984 4453620
2985 4456605
2986 4459591
2987 4462578
2988 4465566
2989 4468555
2990 4471545
2991 4474536
2992 4477528
2993 4480521
2994 4483515
2995 4486510
2996 4489506
2997 4492503
2998 4495501
2999 4498500
3000 4501500
3001 4504501
3002 4507503
3003 4510506
3004 4513510
3005 4516515
3006 4519521
3007 4522528
3008 4525536
3009 4528545
3010 4531555
3011 4534566
3012 4537578
3013 4540591
3014 4543605
3015 4546620
3016 4549636
3017 4552653
3018 4555671
3019 4558690
3020 4561710
3021 4564731
3022 4567753
3023 4570776
3024 4573800
3025 4576825
3026 4579851
3027 4582878
3028 4585906
3029 4588935
3030 4591965
3031 4594996
3032 4598028
3033 4601061
3034 4604095
3035 4607130
3036 4610166
3037 4613203
3038 4616241
3039 4619280
3040 4622320
3041 4625361
3042 4628403
3043 4631446
3044 4634490
3045 4637535
3046 4640581
3047 4643628
3048 4646676
3049 4649725
3050 4652775
3051 4655826
3052 4658878
3053 4661931
3054 4664985
3055 4668040
3056 4671096
3057 4674153
3058 4677211
3059 4680270
3060 4683330
3061 4686391
3062 4689453
3063 4692516
3064 4695580
3065 4698645
3066 4701711
3067 4704778
3068 4707846
3069 4710915
3070 4713985
3071 4717056
3072 4720128
3073 4723201
3074 4726275
3075 4729350
3076 4732426
3077 4735503
3078 4738581
3079 4741660
3080 4744740
3081 4747821
3082 4750903
3083 4753986
3084 4757070
3085 4760155
3086 4763241
3087 4766328
3088 4769416
3089 4772505
3090 4775595
3091 4778686
3092 4781778
3093 4784871
3094 4787965
3095 4791060
3096 4794156
3097 4797253
3098 4800351
3099 4803450
3100 4806550
3101 4809651
3102 4812753
3103 4815856
3104 4818960
3105 4822065
3106 4825171
3107 4828278
3108 4831386
3109 4834495
3110 4837605
3111 4840716
3112 4843828
3113 4846941
3114 4850055
3115 4853170
3116 4856286
3117 4859403
3118 4862521
3119 4865640
3120 4868760
3121 4871881
3122 4875003
3123 4878126
3124 4881250
3125 4884375
3126 4887501
3127 4890628
3128 4893756
3129 4896885
3130 4900015
3131 4903146
3132 4906278
3133 4909411
3134 4912545
3135 4915680
3136 4918816
3137 4921953
3138 4925091
3139 4928230
3140 4931370
3141 4934511
3142 4937653
3143 4940796
3144 4943940
3145 4947085
3146 4950231
3147 4953378
3148 4956526
3149 4959675
3150 4962825
3151 4965976
3152 4969128
3153 4972281
3154 4975435
3155 4978590
3156 4981746
3157 4984903
3158 4988061
3159 4991220
3160 4994380
3161 4997541
3162 5000703
3163 5003866
3164 5007030
3165 5010195
3166 5013361
3167 5016528
3168 5019696
3169 5022865
3170 5026035
3171 5029206
3172 5032378
3173 5035551
3174 5038725
3175 5041900
3176 5045076
3177 5048253
3178 5051431
3179 5054610
3180 5057790
3181 5060971
3182 5064153
3183 5067336
3184 5070520
3185 5073705
3186 5076891
3187 5080078
3188 5083266
3189 5086455
3190 5089645
3191 5092836
3192 5096028
3193 5099221
3194 5102415
3195 5105610
3196 5108806
3197 5112003
3198 5115201
3199 5118400
3200 5121600
3201 5124801
3202 5128003
3203 5131206
3204 5134410
3205 5137615
3206 5140821
3207 5144028
3208 5147236
3209 5150445
3210 5153655
3211 5156866
3212 5160078
3213 5163291
3214 5166505
3215 5169720
3216 5172936
3217 5176153
3218 5179371
3219 5182590
3220 5185810
3221 5189031
3222 5192253
3223 5195476
3224 5198700
3225 5201925
3226 5205151
3227 5208378
3228 5211606
3229 5214835
3230 5218065
3231 5221296
3232 5224528
3233 5227761
3234 5230995
3235 5234230
3236 5237466
3237 5240703
3238 5243941
3239 5247180
3240 5250420
3241 5253661
3242 5256903
3243 5260146
3244 5263390
3245 5266635
3246 5269881
3247 5273128
3248 5276376
3249 5279625
3250 5282875
3251 5286126
3252 5289378
3253 5292631
3254 5295885
3255 5299140
3256 5302396
3257 5305653
3258 5308911
3259 5312170
3260 5315430
3261 5318691
3262 5321953
3263 5325216
3264 5328480
3265 5331745
3266 5335011
3267 5338278
3268 5341546
3269 5344815
3270 5348085
3271 5351356
3272 5354628
3273 5357901
3274 5361175
3275 5364450
3276 5367726
3277 5371003
3278 5374281
3279 5377560
3280 5380840
3281 5384121
3282 5387403
3283 5390686
3284 5393970
3285 5397255
3286 5400541
3287 5403828
3288 5407116
3289 5410405
3290 5413695
3291 5416986
3292 5420278
3293 5423571
3294 5426865
3295 5430160
3296 5433456
3297 5436753
3298 5440051
3299 5443350
3300 5446650
3301 5449951
3302 5453253
3303 5456556
3304 5459860
3305 5463165
3306 5466471
3307 5469778
3308 5473086
3309 5476395
3310 5479705
3311 5483016
3312 5486328
3313 5489641
3314 5492955
3315 5496270
3316 5499586
3317 5502903
3318 5506221
3319 5509540
3320 5512860
3321 5516181
3322 5519503
3323 5522826
3324 5526150
3325 5529475
3326 5532801
3327 5536128
3328 5539456
3329 5542785
3330 5546115
3331 5549446
3332 5552778
3333 5556111
3334 5559445
3335 5562780
3336 5566116
3337 5569453
3338 5572791
3339 5576130
3340 5579470
3341 5582811
3342 5586153
3343 5589496
3344 5592840
3345 5596185
3346 5599531
3347 5602878
3348 5606226
3349 5609575
3350 5612925
3351 5616276
3352 5619628
3353 5622981
3354 5626335
3355 5629690
3356 5633046
3357 5636403
3358 5639761
3359 5643120
3360 5646480
3361 5649841
3362 5653203
3363 5656566
3364 5659930
3365 5663295
3366 5666661
3367 5670028
3368 5673396
3369 5676765
3370 5680135
3371 5683506
3372 5686878
3373 5690251
3374 5693625
3375 5697000
3376 5700376
3377 5703753
3378 5707131
3379 5710510
3380 5713890
3381 5717271
3382 5720653
3383 5724036
3384 5727420
3385 5730805
3386 5734191
3387 5737578
3388 5740966
3389 5744355
3390 5747745
3391 5751136
3392 5754528
3393 5757921
3394 5761315
3395 5764710
3396 5768106
3397 5771503
3398 5774901
3399 5778300
3400 5781700
3401 5785101
3402 5788503
3403 5791906
3404 5795310
3405 5798715
3406 5802121
3407 5805528
3408 5808936
3409 5812345
3410 5815755
3411 5819166
3412 5822578
3413 5825991
3414 5829405
3415 5832820
3416 5836236
3417 5839653
3418 5843071
3419 5846490
3420 5849910
3421 5853331
3422 5856753
3423 5860176
3424 5863600
3425 5867025
3426 5870451
3427 5873878
3428 5877306
3429 5880735
3430 5884165
3431 5887596
3432 5891028
3433 5894461
3434 5897895
3435 5901330
3436 5904766
3437 5908203
3438 5911641
3439 5915080
3440 5918520
3441 5921961
3442 5925403
3443 5928846
3444 5932290
3445 5935735
3446 5939181
3447 5942628
3448 5946076
3449 5949525
3450 5952975
3451 5956426
3452 5959878
3453 5963331
3454 5966785
3455 5970240
3456 5973696
3457 5977153
3458 5980611
3459 5984070
3460 5987530
3461 5990991
3462 5994453
3463 5997916
3464 6001380
3465 6004845
3466 6008311
3467 6011778
3468 6015246
3469 6018715
3470 6022185
3471 6025656
3472 6029128
3473 6032601
3474 6036075
3475 6039550
3476 6043026
3477 6046503
3478 6049981
3479 6053460
3480 6056940
3481 6060421
3482 6063903
3483 6067386
3484 6070870
3485 6074355
3486 6077841
3487 6081328
3488 6084816
3489 6088305
3490 6091795
3491 6095286
3492 6098778
3493 6102271
3494 6105765
3495 6109260
3496 6112756
3497 6116253
3498 6119751
3499 6123250
3500 6126750
3501 6130251
3502 6133753
3503 6137256
3504 6140760
3505 6144265
3506 6147771
3507 6151278
3508 6154786
3509 6158295
3510 6161805
3511 6165316
3512 6168828
3513 6172341
3514 6175855
3515 6179370
3516 6182886
3517 6186403
3518 6189921
3519 6193440
3520 6196960
3521 6200481
3522 6204003
3523 6207526
3524 6211050
3525 6214575
3526 6218101
3527 6221628
3528 6225156
3529 6228685
3530 6232215
3531 6235746
3532 6239278
3533 6242811
3534 6246345
3535 6249880
3536 6253416
3537 6256953
3538 6260491
3539 6264030
3540 6267570
3541 6271111
3542 6274653
3543 6278196
3544 6281740
3545 6285285
3546 6288831
3547 6292378
3548 6295926
3549 6299475
3550 6303025
3551 6306576
3552 6310128
3553 6313681
3554 6317235
3555 6320790
3556 6324346
3557 6327903
3558 6331461
3559 6335020
3560 6338580
3561 6342141
3562 6345703
3563 6349266
3564 6352830
3565 6356395
3566 6359961
3567 6363528
3568 6367096
3569 6370665
3570 6374235
3571 6377806
3572 6381378
3573 6384951
3574 6388525
3575 6392100
3576 6395676
3577 6399253
3578 6402831
3579 6406410
3580 6409990
3581 6413571
3582 6417153
3583 6420736
3584 6424320
3585 6427905
3586 6431491
3587 6435078
3588 6438666
3589 6442255
3590 6445845
3591 6449436
3592 6453028
3593 6456621
3594 6460215
3595 6463810
3596 6467406
3597 6471003
3598 6474601
3599 6478200
3600 6481800
3601 6485401
3602 6489003
3603 6492606
3604 6496210
3605 6499815
3606 6503421
3607 6507028
3608 6510636
3609 6514245
3610 6517855
3611 6521466
3612 6525078
3613 6528691
3614 6532305
3615 6535920
3616 6539536
3617 6543153
3618 6546771
3619 6550390
3620 6554010
3621 6557631
3622 6561253
3623 6564876
3624 6568500
3625 6572125
3626 6575751
3627 6579378
3628 6583006
3629 6586635
3630 6590265
3631 6593896
3632 6597528
3633 6601161
3634 6604795
3635 6608430
3636 6612066
3637 6615703
3638 6619341
3639 6622980
3640 6626620
3641 6630261
3642 6633903
3643 6637546
3644 6641190
3645 6644835
3646 6648481
3647 6652128
3648 6655776
3649 6659425
3650 6663075
3651 6666726
3652 6670378
3653 6674031
3654 6677685
3655 6681340
3656 6684996
3657 6688653
3658 6692311
3659 6695970
3660 6699630
3661 6703291
3662 6706953
3663 6710616
3664 6714280
3665 6717945
3666 6721611
3667 6725278
3668 6728946
3669 6732615
3670 6736285
3671 6739956
3672 6743628
3673 6747301
3674 6750975
3675 6754650
3676 6758326
3677 6762003
3678 6765681
3679 6769360
3680 6773040
3681 6776721
3682 6780403
3683 6784086
3684 6787770
3685 6791455
3686 6795141
3687 6798828
3688 6802516
3689 6806205
3690 6809895
3691 6813586
3692 6817278
3693 6820971
3694 6824665
3695 6828360
3696 6832056
3697 6835753
3698 6839451
3699 6843150
3700 6846850
3701 6850551
3702 6854253
3703 6857956
3704 6861660
3705 6865365
3706 6869071
3707 6872778
3708 6876486
3709 6880195
3710 6883905
3711 6887616
3712 6891328
3713 6895041
3714 6898755
3715 6902470
3716 6906186
3717 6909903
3718 6913621
3719 6917340
3720 6921060
3721 6924781
3722 6928503
3723 6932226
3724 6935950
3725 6939675
3726 6943401
3727 6947128
3728 6950856
3729 6954585
3730 6958315
3731 6962046
3732 6965778
3733 6969511
3734 6973245
3735 6976980
3736 6980716
3737 6984453
3738 6988191
3739 6991930
3740 6995670
3741 6999411
3742 7003153
3743 7006896
3744 7010640
3745 7014385
3746 7018131
3747 7021878
3748 7025626
3749 7029375
3750 7033125
3751 7036876
3752 7040628
3753 7044381
3754 7048135
3755 7051890
3756 7055646
3757 7059403
3758 7063161
3759 7066920
3760 7070680
3761 7074441
3762 7078203
3763 7081966
3764 7085730
3765 7089495
3766 7093261
3767 7097028
3768 7100796
3769 7104565
3770 7108335
3771 7112106
3772 7115878
3773 7119651
3774 7123425
3775 7127200
3776 7130976
3777 7134753
3778 7138531
3779 7142310
3780 7146090
3781 7149871
3782 7153653
3783 7157436
3784 7161220
3785 7165005
3786 7168791
3787 7172578
3788 7176366
3789 7180155
3790 7183945
3791 7187736
3792 7191528
3793 7195321
3794 7199115
3795 7202910
3796 7206706
3797 7210503
3798 7214301
3799 7218100
3800 7221900
3801 7225701
3802 7229503
3803 7233306
3804 7237110
3805 7240915
3806 7244721
3807 7248528
3808 7252336
3809 7256145
3810 7259955
3811 7263766
3812 7267578
3813 7271391
3814 7275205
3815 7279020
3816 7282836
3817 7286653
3818 7290471
3819 7294290
3820 7298110
3821 7301931
3822 7305753
3823 7309576
3824 7313400
3825 7317225
3826 7321051
3827 7324878
3828 7328706
3829 7332535
3830 7336365
3831 7340196
3832 7344028
3833 7347861
3834 7351695
3835 7355530
3836 7359366
3837 7363203
3838 7367041
3839 7370880
3840 7374720
3841 7378561
3842 7382403
3843 7386246
3844 7390090
3845 7393935
3846 7397781
3847 7401628
3848 7405476
3849 7409325
3850 7413175
3851 7417026
3852 7420878
3853 7424731
3854 7428585
3855 7432440
3856 7436296
3857 7440153
3858 7444011
3859 7447870
3860 7451730
3861 7455591
3862 7459453
3863 7463316
3864 7467180
3865 7471045
3866 7474911
3867 7478778
3868 7482646
3869 7486515
3870 7490385
3871 7494256
3872 7498128
3873 7502001
3874 7505875
3875 7509750
3876 7513626
3877 7517503
3878 7521381
3879 7525260
3880 7529140
3881 7533021
3882 7536903
3883 7540786
3884 7544670
3885 7548555
3886 7552441
3887 7556328
3888 7560216
3889 7564105
3890 7567995
3891 7571886
3892 7575778
3893 7579671
3894 7583565
3895 7587460
3896 7591356
3897 7595253
3898 7599151
3899 7603050
3900 7606950
3901 7610851
3902 7614753
3903 7618656
3904 7622560
3905 7626465
3906 7630371
3907 7634278
3908 7638186
3909 7642095
3910 7646005
3911 7649916
3912 7653828
3913 7657741
3914 7661655
3915 7665570
3916 7669486
3917 7673403
3918 7677321
3919 7681240
3920 7685160
3921 7689081
3922 7693003
3923 7696926
3924 7700850
3925 7704775
3926 7708701
3927 7712628
3928 7716556
3929 7720485
3930 7724415
3931 7728346
3932 7732278
3933 7736211
3934 7740145
3935 7744080
3936 7748016
3937 7751953
3938 7755891
3939 7759830
3940 7763770
3941 7767711
3942 7771653
3943 7775596
3944 7779540
3945 7783485
3946 7787431
3947 7791378
3948 7795326
3949 7799275
3950 7803225
3951 7807176
3952 7811128
3953 7815081
3954 7819035
3955 7822990
3956 7826946
3957 7830903
3958 7834861
3959 7838820
3960 7842780
3961 7846741
3962 7850703
3963 7854666
3964 7858630
3965 7862595
3966 7866561
3967 7870528
3968 7874496
3969 7878465
3970 7882435
3971 7886406
3972 7890378
3973 7894351
3974 7898325
3975 7902300
3976 7906276
3977 7910253
3978 7914231
3979 7918210
3980 7922190
3981 7926171
3982 7930153
3983 7934136
3984 7938120
3985 7942105
3986 7946091
3987 7950078
3988 7954066
3989 7958055
3990 7962045
3991 7966036
3992 7970028
3993 7974021
3994 7978015
3995 7982010
3996 7986006
3997 7990003
3998 7994001
3999 7998000
4000 8002000
4001 8006001
4002 8010003
4003 8014006
4004 8018010
4005 8022015
4006 8026021
4007 8030028
4008 8034036
4009 8038045
4010 8042055
4011 8046066
4012 8050078
4013 8054091
4014 8058105
4015 8062120
4016 8066136
4017 8070153
4018 8074171
4019 8078190
4020 8082210
4021 8086231
4022 8090253
4023 8094276
4024 8098300
4025 8102325
4026 8106351
4027 8110378
4028 8114406
4029 8118435
4030 8122465
4031 8126496
4032 8130528
4033 8134561
4034 8138595
4035 8142630
4036 8146666
4037 8150703
4038 8154741
4039 8158780
4040 8162820
4041 8166861
4042 8170903
4043 8174946
4044 8178990
4045 8183035
4046 8187081
4047 8191128
4048 8195176
4049 8199225
4050 8203275
4051 8207326
4052 8211378
4053 8215431
4054 8219485
4055 8223540
4056 8227596
4057 8231653
4058 8235711
4059 8239770
4060 8243830
4061 8247891
4062 8251953
4063 8256016
4064 8260080
4065 8264145
4066 8268211
4067 8272278
4068 8276346
4069 8280415
4070 8284485
4071 8288556
4072 8292628
4073 8296701
4074 8300775
4075 8304850
4076 8308926
4077 8313003
4078 8317081
4079 8321160
4080 8325240
4081 8329321
4082 8333403
4083 8337486
4084 8341570
4085 8345655
4086 8349741
4087 8353828
4088 8357916
4089 8362005
4090 8366095
4091 8370186
4092 8374278
4093 8378371
4094 8382465
4095 8386560
4096 8390656
4097 8394753
4098 8398851
4099 8402950
4100 8407050
4101 8411151
4102 8415253
4103 8419356
4104 8423460
4105 8427565
4106 8431671
4107 8435778
4108 8439886
4109 8443995
4110 8448105
4111 8452216
4112 8456328
4113 8460441
4114 8464555
4115 8468670
4116 8472786
4117 8476903
4118 8481021
4119 8485140
4120 8489260
4121 8493381
4122 8497503
4123 8501626
4124 8505750
4125 8509875
4126 8514001
4127 8518128
4128 8522256
4129 8526385
4130 8530515
4131 8534646
4132 8538778
4133 8542911
4134 8547045
4135 8551180
4136 8555316
4137 8559453
4138 8563591
4139 8567730
4140 8571870
4141 8576011
4142 8580153
4143 8584296
4144 8588440
4145 8592585
4146 8596731
4147 8600878
4148 8605026
4149 8609175
4150 8613325
4151 8617476
4152 8621628
4153 8625781
4154 8629935
4155 8634090
4156 8638246
4157 8642403
4158 8646561
4159 8650720
4160 8654880
4161 8659041
4162 8663203
4163 8667366
4164 8671530
4165 8675695
4166 8679861
4167 8684028
4168 8688196
4169 8692365
4170 8696535
4171 8700706
4172 8704878
4173 8709051
4174 8713225
4175 8717400
4176 8721576
4177 8725753
4178 8729931
4179 8734110
4180 8738290
4181 8742471
4182 8746653
4183 8750836
4184 8755020
4185 8759205
4186 8763391
4187 8767578
4188 8771766
4189 8775955
4190 8780145
4191 8784336
4192 8788528
4193 8792721
4194 8796915
4195 8801110
4196 8805306
4197 8809503
4198 8813701
4199 8817900
4200 8822100
4201 8826301
4202 8830503
4203 8834706
4204 8838910
4205 8843115
4206 8847321
4207 8851528
4208 8855736
4209 8859945
4210 8864155
4211 8868366
4212 8872578
4213 8876791
4214 8881005
4215 8885220
4216 8889436
4217 8893653
4218 8897871
4219 8902090
4220 8906310
4221 8910531
4222 8914753
4223 8918976
4224 8923200
4225 8927425
4226 8931651
4227 8935878
4228 8940106
4229 8944335
4230 8948565
4231 8952796
4232 8957028
4233 8961261
4234 8965495
4235 8969730
4236 8973966
4237 8978203
4238 8982441
4239 8986680
4240 8990920
4241 8995161
4242 8999403
4243 9003646
4244 9007890
4245 9012135
4246 9016381
4247 9020628
4248 9024876
4249 9029125
4250 9033375
4251 9037626
4252 9041878
4253 9046131
4254 9050385
4255 9054640
4256 9058896
4257 9063153
4258 9067411
4259 9071670
4260 9075930
4261 9080191
4262 9084453
4263 9088716
4264 9092980
4265 9097245
4266 9101511
4267 9105778
4268 9110046
4269 9114315
4270 9118585
4271 9122856
4272 9127128
4273 9131401
4274 9135675
4275 9139950
4276 9144226
4277 9148503
4278 9152781
4279 9157060
4280 9161340
4281 9165621
4282 9169903
4283 9174186
4284 9178470
4285 9182755
4286 9187041
4287 9191328
4288 9195616
4289 9199905
4290 9204195
4291 9208486
4292 9212778
4293 9217071
4294 9221365
4295 9225660
4296 9229956
4297 9234253
4298 9238551
4299 9242850
4300 9247150
4301 9251451
4302 9255753
4303 9260056
4304 9264360
4305 9268665
4306 9272971
4307 9277278
4308 9281586
4309 9285895
4310 9290205
4311 9294516
4312 9298828
4313 9303141
4314 9307455
4315 9311770
4316 9316086
4317 9320403
4318 9324721
4319 9329040
4320 9333360
4321 9337681
4322 9342003
4323 9346326
4324 9350650
4325 9354975
4326 9359301
4327 9363628
4328 9367956
4329 9372285
4330 9376615
4331 9380946
4332 9385278
4333 9389611
4334 9393945
4335 9398280
4336 9402616
4337 9406953
4338 9411291
4339 9415630
4340 9419970
4341 9424311
4342 9428653
4343 9432996
4344 9437340
4345 9441685
4346 9446031
4347 9450378
4348 9454726
4349 9459075
4350 9463425
4351 9467776
4352 9472128
4353 9476481
4354 9480835
4355 9485190
4356 9489546
4357 9493903
4358 9498261
4359 9502620
4360 9506980
4361 9511341
4362 9515703
4363 9520066
4364 9524430
4365 9528795
4366 9533161
4367 9537528
4368 9541896
4369 9546265
4370 9550635
4371 9555006
4372 9559378
4373 9563751
4374 9568125
4375 9572500
4376 9576876
4377 9581253
4378 9585631
4379 9590010
4380 9594390
4381 9598771
4382 9603153
4383 9607536
4384 9611920
4385 9616305
4386 9620691
4387 9625078
4388 9629466
4389 9633855
4390 9638245
4391 9642636
4392 9647028
4393 9651421
4394 9655815
4395 9660210
4396 9664606
4397 9669003
4398 9673401
4399 9677800
4400 9682200
4401 9686601
4402 9691003
4403 9695406
4404 9699810
4405 9704215
4406 9708621
4407 9713028
4408 9717436
4409 9721845
4410 9726255
4411 9730666
4412 9735078
4413 9739491
4414 9743905
4415 9748320
4416 9752736
4417 9757153
4418 9761571
4419 9765990
4420 9770410
4421 9774831
4422 9779253
4423 9783676
4424 9788100
4425 9792525
4426 9796951
4427 9801378
4428 9805806
4429 9810235
4430 9814665
4431 9819096
4432 9823528
4433 9827961
4434 9832395
4435 9836830
4436 9841266
4437 9845703
4438 9850141
4439 9854580
4440 9859020
4441 9863461
4442 9867903
4443 9872346
4444 9876790
4445 9881235
4446 9885681
4447 9890128
4448 9894576
4449 9899025
4450 9903475
4451 9907926
4452 9912378
4453 9916831
4454 9921285
4455 9925740
4456 9930196
4457 9934653
4458 9939111
4459 9943570
4460 9948030
4461 9952491
4462 9956953
4463 9961416
4464 9965880
4465 9970345
4466 9974811
4467 9979278
4468 9983746
4469 9988215
4470 9992685
4471 9997156
4472 10001628
4473 10006101
4474 10010575
4475 10015050
4476 10019526
4477 10024003
4478 10028481
4479 10032960
4480 10037440
4481 10041921
4482 10046403
4483 10050886
4484 10055370
4485 10059855
4486 10064341
4487 10068828
4488 10073316
4489 10077805
4490 10082295
4491 10086786
4492 10091278
4493 10095771
4494 10100265
4495 10104760
4496 10109256
4497 10113753
4498 10118251
4499 10122750
4500 10127250
4501 10131751
4502 10136253
4503 10140756
4504 10145260
4505 10149765
4506 10154271
4507 10158778
4508 10163286
4509 10167795
4510 10172305
4511 10176816
4512 10181328
4513 10185841
4514 10190355
4515 10194870
4516 10199386
4517 10203903
4518 10208421
4519 10212940
4520 10217460
4521 10221981
4522 10226503
4523 10231026
4524 10235550
4525 10240075
4526 10244601
4527 10249128
4528 10253656
4529 10258185
4530 10262715
4531 10267246
4532 10271778
4533 10276311
4534 10280845
4535 10285380
4536 10289916
4537 10294453
4538 10298991
4539 10303530
4540 10308070
4541 10312611
4542 10317153
4543 10321696
4544 10326240
4545 10330785
4546 10335331
4547 10339878
4548 10344426
4549 10348975
4550 10353525
4551 10358076
4552 10362628
4553 10367181
4554 10371735
4555 10376290
4556 10380846
4557 10385403
4558 10389961
4559 10394520
4560 10399080
4561 10403641
4562 10408203
4563 10412766
4564 10417330
4565 10421895
4566 10426461
4567 10431028
4568 10435596
4569 10440165
4570 10444735
4571 10449306
4572 10453878
4573 10458451
4574 10463025
4575 10467600
4576 10472176
4577 10476753
4578 10481331
4579 10485910
4580 10490490
4581 10495071
4582 10499653
4583 10504236
4584 10508820
4585 10513405
4586 10517991
4587 10522578
4588 10527166
4589 10531755
4590 10536345
4591 10540936
4592 10545528
4593 10550121
4594 10554715
4595 10559310
4596 10563906
4597 10568503
4598 10573101
4599 10577700
4600 10582300
4601 10586901
4602 10591503
4603 10596106
4604 10600710
4605 10605315
4606 10609921
4607 10614528
4608 10619136
4609 10623745
4610 10628355
4611 10632966
4612 10637578
4613 10642191
4614 10646805
4615 10651420
4616 10656036
4617 10660653
4618 10665271
4619 10669890
4620 10674510
4621 10679131
4622 10683753
4623 10688376
4624 10693000
4625 10697625
4626 10702251
4627 10706878
4628 10711506
4629 10716135
4630 10720765
4631 10725396
4632 10730028
4633 10734661
4634 10739295
4635 10743930
4636 10748566
4637 10753203
4638 10757841
4639 10762480
4640 10767120
4641 10771761
4642 10776403
4643 10781046
4644 10785690
4645 10790335
4646 10794981
4647 10799628
4648 10804276
4649 10808925
4650 10813575
4651 10818226
4652 10822878
4653 10827531
4654 10832185
4655 10836840
4656 10841496
4657 10846153
4658 10850811
4659 10855470
4660 10860130
4661 10864791
4662 10869453
4663 10874116
4664 10878780
4665 10883445
4666 10888111
4667 10892778
4668 10897446
4669 10902115
4670 10906785
4671 10911456
4672 10916128
4673 10920801
4674 10925475
4675 10930150
4676 10934826
4677 10939503
4678 10944181
4679 10948860
4680 10953540
4681 10958221
4682 10962903
4683 10967586
4684 10972270
4685 10976955
4686 10981641
4687 10986328
4688 10991016
4689 10995705
4690 11000395
4691 11005086
4692 11009778
4693 11014471
4694 11019165
4695 11023860
4696 11028556
4697 11033253
4698 11037951
4699 11042650
4700 11047350
4701 11052051
4702 11056753
4703 11061456
4704 11066160
4705 11070865
4706 11075571
4707 11080278
4708 11084986
4709 11089695
4710 11094405
4711 11099116
4712 11103828
4713 11108541
4714 11113255
4715 11117970
4716 11122686
4717 11127403
4718 11132121
4719 11136840
4720 11141560
4721 11146281
4722 11151003
4723 11155726
4724 11160450
4725 11165175
4726 11169901
4727 11174628
4728 11179356
4729 11184085
4730 11188815
4731 11193546
4732 11198278
4733 11203011
4734 11207745
4735 11212480
4736 11217216
4737 11221953
4738 11226691
4739 11231430
4740 11236170
4741 11240911
4742 11245653
4743 11250396
4744 11255140
4745 11259885
4746 11264631
4747 11269378
4748 11274126
4749 11278875
4750 11283625
4751 11288376
4752 11293128
4753 11297881
4754 11302635
4755 11307390
4756 11312146
4757 11316903
4758 11321661
4759 11326420
4760 11331180
4761 11335941
4762 11340703
4763 11345466
4764 11350230
4765 11354995
4766 11359761
4767 11364528
4768 11369296
4769 11374065
4770 11378835
4771 11383606
4772 11388378
4773 11393151
4774 11397925
4775 11402700
4776 11407476
4777 11412253
4778 11417031
4779 11421810
4780 11426590
4781 11431371
4782 11436153
4783 11440936
4784 11445720
4785 11450505
4786 11455291
4787 11460078
4788 11464866
4789 11469655
4790 11474445
4791 11479236
4792 11484028
4793 11488821
4794 11493615
4795 11498410
4796 11503206
4797 11508003
4798 11512801
4799 11517600
4800 11522400
4801 11527201
4802 11532003
4803 11536806
4804 11541610
4805 11546415
4806 11551221
4807 11556028
4808 11560836
4809 11565645
4810 11570455
4811 11575266
4812 11580078
4813 11584891
4814 11589705
4815 11594520
4816 11599336
4817 11604153
4818 11608971
4819 11613790
4820 11618610
4821 11623431
4822 11628253
4823 11633076
4824 11637900
4825 11642725
4826 11647551
4827 11652378
4828 11657206
4829 11662035
4830 11666865
4831 11671696
4832 11676528
4833 11681361
4834 11686195
4835 11691030
4836 11695866
4837 11700703
4838 11705541
4839 11710380
4840 11715220
4841 11720061
4842 11724903
4843 11729746
4844 11734590
4845 11739435
4846 11744281
4847 11749128
4848 11753976
4849 11758825
4850 11763675
4851 11768526
4852 11773378
4853 11778231
4854 11783085
4855 11787940
4856 11792796
4857 11797653
4858 11802511
4859 11807370
4860 11812230
4861 11817091
4862 11821953
4863 11826816
4864 11831680
4865 11836545
4866 11841411
4867 11846278
4868 11851146
4869 11856015
4870 11860885
4871 11865756
4872 11870628
4873 11875501
4874 11880375
4875 11885250
4876 11890126
4877 11895003
4878 11899881
4879 11904760
4880 11909640
4881 11914521
4882 11919403
4883 11924286
4884 11929170
4885 11934055
4886 11938941
4887 11943828
4888 11948716
4889 11953605
4890 11958495
4891 11963386
4892 11968278
4893 11973171
4894 11978065
4895 11982960
4896 11987856
4897 11992753
4898 11997651
4899 12002550
4900 12007450
4901 12012351
4902 12017253
4903 12022156
4904 12027060
4905 12031965
4906 12036871
4907 12041778
4908 12046686
4909 12051595
4910 12056505
4911 12061416
4912 12066328
4913 12071241
4914 12076155
4915 12081070
4916 12085986
4917 12090903
4918 12095821
4919 12100740
4920 12105660
4921 12110581
4922 12115503
4923 12120426
4924 12125350
4925 12130275
4926 12135201
4927 12140128
4928 12145056
4929 12149985
4930 12154915
4931 12159846
4932 12164778
4933 12169711
4934 12174645
4935 12179580
4936 12184516
4937 12189453
4938 12194391
4939 12199330
4940 12204270
4941 12209211
4942 12214153
4943 12219096
4944 12224040
4945 12228985
4946 12233931
4947 12238878
4948 12243826
4949 12248775
4950 12253725
4951 12258676
4952 12263628
4953 12268581
4954 12273535
4955 12278490
4956 12283446
4957 12288403
4958 12293361
4959 12298320
4960 12303280
4961 12308241
4962 12313203
4963 12318166
4964 12323130
4965 12328095
4966 12333061
4967 12338028
4968 12342996
4969 12347965
4970 12352935
4971 12357906
4972 12362878
4973 12367851
4974 12372825
4975 12377800
4976 12382776
4977 12387753
4978 12392731
4979 12397710
4980 12402690
4981 12407671
4982 12412653
4983 12417636
4984 12422620
4985 12427605
4986 12432591
4987 12437578
4988 12442566
4989 12447555
4990 12452545
4991 12457536
4992 12462528
4993 12467521
4994 12472515
4995 12477510
4996 12482506
4997 12487503
4998 12492501
4999 12497500
5000 12502500